10
99
0 1 22.628 1.501
0 2 13.949 16.052
0 3 93.916 17.63
0 4 83.102 5.388
0 5 85.154 14.378
0 6 84.4 19.991
0 7 23.194 29.434
0 8 77.26 24.547
0 9 38.14 27.471
1 2 98.682 18.955
1 3 66.785 27.682
1 4 86.911 3.39
1 5 92.617 4.046
1 6 24.424 4.045
1 7 23.842 1.839
1 8 1.435 26.686
1 9 99.479 14.933
2 3 3.645 23.238
2 4 79.637 17.345
2 5 10.739 17.0
2 6 96.789 11.271
2 7 24.067 14.488
2 8 82.822 28.404
2 9 78.561 9.626
3 4 81.71 0.325
3 5 48.121 12.084
3 6 57.551 25.671
3 7 35.321 17.91
3 8 19.212 18.583
3 9 60.018 16.762
4 5 19.123 29.885
4 6 0.871 4.698
4 7 43.168 18.539
4 8 17.018 20.071
4 9 52.337 17.999
5 6 81.598 7.281
5 7 96.638 2.354
5 8 6.326 3.269
5 9 15.805 21.923
6 7 75.777 6.168
6 8 56.744 19.302
6 9 53.129 25.294
7 8 68.866 3.065
7 9 10.688 2.7
8 9 99.02 5.287