20
99
0 1 53.739 20.806
0 2 34.389 81.717
0 3 67.562 15.04
0 4 85.898 94.302
0 5 17.844 30.656
0 6 2.861 52.766
0 7 80.203 4.798
0 8 42.276 97.018
0 9 16.771 69.199
0 10 21.266 2.072
0 11 58.647 69.221
0 12 20.058 43.0
0 13 27.736 12.467
0 14 73.905 36.486
0 15 90.675 53.695
0 16 71.853 97.405
0 17 81.68 32.628
0 18 42.94 69.111
0 19 80.048 35.323
1 2 74.358 70.738
1 3 25.324 15.977
1 4 38.502 51.198
1 5 20.598 38.542
1 6 35.192 78.165
1 7 39.193 71.678
1 8 21.913 62.295
1 9 71.913 12.436
1 10 85.235 20.362
1 11 75.17 66.479
1 12 57.96 55.015
1 13 12.63 34.586
1 14 42.858 93.838
1 15 63.064 49.03
1 16 77.568 41.558
1 17 95.422 40.547
1 18 7.25 34.333
1 19 49.957 2.356
2 3 45.999 48.675
2 4 16.203 40.334
2 5 50.267 68.488
2 6 3.621 64.316
2 7 24.412 92.353
2 8 94.94 77.516
2 9 38.529 93.727
2 10 44.565 73.747
2 11 84.981 30.803
2 12 47.705 10.425
2 13 27.372 42.722
2 14 45.032 85.712
2 15 65.96 20.857
2 16 31.387 42.645
2 17 42.04 68.004
2 18 52.534 67.262
2 19 19.647 31.425
3 4 58.282 73.075
3 5 91.223 79.446
3 6 41.74 78.546
3 7 89.422 37.298
3 8 92.489 15.069
3 9 43.532 85.421
3 10 24.049 16.322
3 11 27.443 58.91
3 12 43.527 61.583
3 13 8.575 66.942
3 14 89.687 87.37
3 15 29.343 14.553
3 16 11.307 1.723
3 17 48.727 72.843
3 18 57.295 32.613
3 19 93.485 37.767
4 5 46.657 20.704
4 6 73.375 92.666
4 7 78.524 60.124
4 8 83.968 65.571
4 9 70.554 47.01
4 10 13.304 71.624
4 11 60.341 90.484
4 12 82.849 85.272
4 13 38.088 50.63
4 14 89.426 72.913
4 15 6.101 8.995
4 16 28.229 20.151
4 17 60.482 18.518
4 18 37.748 94.206
4 19 0.038 93.738
5 6 72.874 14.852
5 7 71.338 47.841
5 8 97.654 84.402
5 9 20.498 55.203
5 10 28.688 0.841
5 11 62.283 92.214
5 12 57.637 11.097
5 13 54.508 66.277
5 14 15.142 89.044
5 15 36.369 1.186
5 16 52.922 18.774
5 17 80.963 21.331
5 18 97.99 80.532
5 19 10.669 90.655
6 7 89.523 22.857
6 8 73.294 20.507
6 9 44.747 27.928
6 10 16.019 45.438
6 11 88.687 91.024
6 12 27.567 40.773
6 13 54.369 47.789
6 14 11.499 13.307
6 15 79.104 8.285
6 16 94.709 29.693
6 17 75.666 9.147
6 18 89.594 27.933
6 19 12.07 97.886
7 8 56.532 96.715
7 9 54.962 47.711
7 10 88.946 93.321
7 11 42.245 33.536
7 12 9.142 31.181
7 13 75.751 62.645
7 14 48.255 80.252
7 15 85.47 27.114
7 16 76.967 12.742
7 17 31.633 1.085
7 18 93.172 28.73
7 19 4.651 14.894
8 9 88.537 35.905
8 10 42.165 88.854
8 11 32.397 4.943
8 12 64.245 22.919
8 13 87.63 51.831
8 14 1.252 15.263
8 15 91.084 80.565
8 16 5.409 37.806
8 17 95.489 96.393
8 18 35.961 89.185
8 19 89.936 98.164
9 10 86.006 35.021
9 11 66.797 41.457
9 12 87.301 6.591
9 13 43.402 46.127
9 14 57.373 34.246
9 15 38.702 85.948
9 16 60.033 41.165
9 17 95.706 88.863
9 18 47.052 49.24
9 19 81.125 39.328
10 11 93.565 24.923
10 12 17.141 73.081
10 13 41.922 16.912
10 14 22.348 7.338
10 15 71.946 16.463
10 16 73.931 4.319
10 17 8.858 8.057
10 18 79.614 21.933
10 19 90.966 0.714
11 12 52.68 87.844
11 13 94.973 16.398
11 14 9.46 85.477
11 15 61.511 67.636
11 16 56.139 18.646
11 17 5.256 63.66
11 18 58.707 84.117
11 19 69.155 76.482
12 13 52.687 85.288
12 14 81.865 90.297
12 15 91.227 54.099
12 16 96.589 40.038
12 17 61.415 96.449
12 18 59.446 35.489
12 19 51.738 52.784
13 14 81.913 90.961
13 15 25.583 44.869
13 16 69.958 96.959
13 17 27.031 73.639
13 18 73.828 94.228
13 19 67.857 80.31
14 15 70.555 84.9
14 16 0.769 80.013
14 17 93.371 42.35
14 18 82.992 96.47
14 19 78.064 26.572
15 16 70.526 88.441
15 17 80.27 84.881
15 18 58.591 35.224
15 19 43.842 20.088
16 17 90.621 48.205
16 18 50.557 35.966
16 19 82.532 50.058
17 18 18.767 58.423
17 19 1.21 47.087
18 19 26.852 51.432