50
99
0 1 83.577 98.028
0 2 5.769 41.362
0 3 67.312 61.665
0 4 15.116 18.909
0 5 79.678 52.095
0 6 77.018 69.205
0 7 5.591 27.247
0 8 9.852 19.57
0 9 1.191 36.464
0 10 41.55 14.975
0 11 22.235 30.211
0 12 94.253 38.996
0 13 55.071 77.994
0 14 55.353 87.695
0 15 53.164 35.207
0 16 98.661 6.998
0 17 7.025 2.611
0 18 17.06 91.819
0 19 88.519 23.744
0 20 9.216 36.303
0 21 64.371 42.278
0 22 13.248 93.139
0 23 82.482 68.103
0 24 60.15 17.427
0 25 99.382 43.82
0 26 51.866 64.33
0 27 54.515 87.433
0 28 89.714 81.442
0 29 42.687 92.229
0 30 13.535 95.668
0 31 58.443 23.147
0 32 64.682 60.138
0 33 83.383 98.248
0 34 75.436 92.784
0 35 79.866 98.432
0 36 88.902 39.149
0 37 82.477 27.266
0 38 14.873 30.749
0 39 23.474 64.795
0 40 84.586 12.552
0 41 81.663 76.017
0 42 2.814 52.519
0 43 51.237 40.597
0 44 18.088 94.862
0 45 7.652 22.717
0 46 27.266 54.435
0 47 71.209 67.261
0 48 86.292 89.019
0 49 52.364 10.292
1 2 50.748 55.743
1 3 44.279 65.075
1 4 57.924 59.613
1 5 43.586 66.951
1 6 64.796 50.755
1 7 61.473 76.344
1 8 16.871 77.822
1 9 9.575 33.082
1 10 2.287 38.238
1 11 52.329 4.244
1 12 77.215 92.344
1 13 48.4 8.069
1 14 34.876 93.065
1 15 7.687 81.937
1 16 91.08 49.706
1 17 97.632 22.559
1 18 15.105 6.678
1 19 97.471 88.536
1 20 17.043 28.554
1 21 15.465 48.434
1 22 70.316 95.712
1 23 19.025 55.618
1 24 69.91 57.703
1 25 44.968 93.127
1 26 59.985 38.462
1 27 52.816 28.822
1 28 80.799 16.256
1 29 35.335 7.911
1 30 49.826 92.647
1 31 63.097 86.25
1 32 84.135 97.001
1 33 88.971 97.315
1 34 38.345 29.941
1 35 16.271 14.79
1 36 30.917 93.345
1 37 19.939 87.26
1 38 95.223 65.864
1 39 98.296 60.072
1 40 85.669 59.001
1 41 33.941 46.562
1 42 68.726 21.595
1 43 73.632 60.244
1 44 23.195 13.478
1 45 32.263 20.686
1 46 69.108 82.14
1 47 20.655 19.008
1 48 78.802 83.473
1 49 40.044 9.121
2 3 43.167 91.601
2 4 3.084 44.956
2 5 71.283 95.713
2 6 58.369 9.806
2 7 61.899 92.053
2 8 66.503 37.635
2 9 16.246 56.803
2 10 32.688 52.546
2 11 41.194 84.721
2 12 87.924 88.936
2 13 23.795 52.62
2 14 79.52 9.774
2 15 47.469 53.619
2 16 65.314 29.03
2 17 69.946 27.106
2 18 72.463 41.971
2 19 83.302 45.341
2 20 42.852 11.507
2 21 3.365 92.379
2 22 4.819 53.866
2 23 67.183 12.889
2 24 31.025 81.275
2 25 87.446 44.167
2 26 55.53 58.455
2 27 1.704 28.994
2 28 83.168 47.634
2 29 8.738 16.684
2 30 14.963 98.982
2 31 24.48 26.204
2 32 4.457 49.657
2 33 34.481 8.061
2 34 12.325 80.652
2 35 32.752 50.16
2 36 94.653 61.615
2 37 59.065 22.482
2 38 39.32 76.076
2 39 27.921 6.49
2 40 19.204 43.932
2 41 59.634 10.635
2 42 73.47 15.982
2 43 8.522 74.708
2 44 44.335 10.557
2 45 66.025 37.816
2 46 19.488 73.517
2 47 40.369 59.638
2 48 4.151 5.686
2 49 56.654 72.93
3 4 81.971 46.45
3 5 19.648 86.313
3 6 29.015 57.453
3 7 24.861 76.93
3 8 73.745 50.751
3 9 62.017 90.09
3 10 23.028 98.432
3 11 45.896 10.746
3 12 17.91 19.871
3 13 54.354 33.513
3 14 18.236 85.707
3 15 58.867 74.248
3 16 9.494 72.957
3 17 99.473 0.029
3 18 59.965 94.584
3 19 85.856 56.482
3 20 48.76 32.848
3 21 40.87 96.233
3 22 26.288 36.428
3 23 72.949 88.586
3 24 54.211 76.958
3 25 20.426 77.371
3 26 83.467 91.427
3 27 20.267 79.01
3 28 76.486 75.976
3 29 54.05 65.251
3 30 0.675 13.441
3 31 13.433 87.502
3 32 75.407 57.257
3 33 11.281 44.811
3 34 21.797 16.601
3 35 85.0 44.216
3 36 13.418 88.701
3 37 74.141 40.923
3 38 49.518 20.002
3 39 3.078 93.342
3 40 51.047 42.968
3 41 24.583 22.923
3 42 4.074 13.486
3 43 47.609 34.906
3 44 56.166 53.736
3 45 66.351 35.732
3 46 18.455 4.627
3 47 37.899 99.058
3 48 42.733 41.979
3 49 52.516 12.812
4 5 81.186 36.149
4 6 47.741 69.674
4 7 11.505 50.844
4 8 72.614 56.998
4 9 28.838 57.036
4 10 61.78 29.602
4 11 32.488 22.406
4 12 14.533 96.441
4 13 70.952 98.238
4 14 84.867 82.971
4 15 6.929 62.931
4 16 43.753 66.5
4 17 75.567 49.854
4 18 50.669 29.898
4 19 39.33 95.689
4 20 71.416 12.488
4 21 27.298 46.729
4 22 22.972 56.584
4 23 26.285 25.388
4 24 80.71 39.361
4 25 35.299 13.861
4 26 78.996 28.661
4 27 2.251 52.708
4 28 89.845 96.59
4 29 38.936 5.36
4 30 19.419 10.153
4 31 25.727 86.991
4 32 85.913 91.231
4 33 57.337 97.838
4 34 30.795 21.03
4 35 65.706 30.014
4 36 95.579 30.242
4 37 47.02 77.987
4 38 88.789 65.383
4 39 81.903 18.238
4 40 37.178 92.224
4 41 94.332 33.352
4 42 9.886 56.48
4 43 18.491 26.121
4 44 34.105 89.635
4 45 52.134 74.712
4 46 81.544 92.883
4 47 37.308 90.714
4 48 34.201 5.173
4 49 49.099 23.674
5 6 33.657 4.52
5 7 43.073 70.847
5 8 20.698 23.327
5 9 91.488 56.897
5 10 51.993 25.769
5 11 77.382 26.143
5 12 44.127 10.639
5 13 72.49 23.66
5 14 10.703 71.711
5 15 12.842 76.163
5 16 30.581 87.298
5 17 51.413 13.439
5 18 40.265 90.093
5 19 39.097 41.565
5 20 78.906 66.972
5 21 56.503 0.704
5 22 89.729 43.412
5 23 74.065 25.098
5 24 92.844 68.851
5 25 52.981 41.653
5 26 60.179 8.139
5 27 20.133 57.999
5 28 67.143 89.454
5 29 53.274 49.23
5 30 81.45 28.055
5 31 57.916 71.995
5 32 48.375 95.567
5 33 94.76 46.237
5 34 73.042 43.883
5 35 61.503 28.542
5 36 20.466 53.182
5 37 77.746 47.755
5 38 14.373 9.792
5 39 38.753 94.927
5 40 27.831 43.876
5 41 21.374 38.635
5 42 52.124 7.693
5 43 57.065 61.357
5 44 90.123 57.419
5 45 61.536 85.914
5 46 44.851 5.842
5 47 42.283 64.762
5 48 59.962 62.824
5 49 96.636 97.437
6 7 73.963 44.408
6 8 14.441 76.252
6 9 48.08 86.465
6 10 93.836 38.555
6 11 6.152 15.37
6 12 91.786 55.868
6 13 28.013 57.812
6 14 93.057 30.398
6 15 86.551 31.626
6 16 37.975 64.898
6 17 62.713 34.738
6 18 78.953 7.524
6 19 6.698 2.749
6 20 66.321 95.494
6 21 42.31 84.486
6 22 68.865 53.155
6 23 27.373 45.649
6 24 36.518 43.0
6 25 8.2 81.887
6 26 4.48 58.384
6 27 20.463 13.841
6 28 6.543 9.156
6 29 74.558 59.297
6 30 99.732 18.044
6 31 62.229 94.519
6 32 94.021 23.193
6 33 78.285 91.414
6 34 38.111 18.309
6 35 25.723 48.027
6 36 79.971 43.792
6 37 45.228 52.421
6 38 25.183 37.192
6 39 20.723 48.709
6 40 17.4 20.003
6 41 75.863 28.309
6 42 23.351 26.3
6 43 60.022 32.756
6 44 63.321 99.225
6 45 87.252 70.028
6 46 19.51 41.767
6 47 25.186 21.295
6 48 71.214 0.737
6 49 35.445 5.086
7 8 97.481 40.071
7 9 50.186 52.104
7 10 74.534 96.162
7 11 14.499 63.191
7 12 77.492 14.286
7 13 96.159 76.139
7 14 38.446 80.214
7 15 92.971 24.849
7 16 4.611 62.521
7 17 4.319 28.764
7 18 68.226 9.525
7 19 10.084 29.048
7 20 2.099 2.26
7 21 88.303 93.264
7 22 28.323 18.752
7 23 98.497 91.788
7 24 30.497 55.401
7 25 72.93 79.197
7 26 55.082 56.545
7 27 54.569 8.86
7 28 67.855 39.388
7 29 60.262 26.17
7 30 42.948 73.18
7 31 5.511 96.876
7 32 45.829 66.081
7 33 91.261 81.447
7 34 56.614 51.548
7 35 17.214 10.983
7 36 11.896 40.162
7 37 69.167 59.751
7 38 97.347 95.259
7 39 58.58 52.378
7 40 98.889 68.768
7 41 57.172 33.301
7 42 69.767 13.902
7 43 79.267 60.405
7 44 69.154 2.627
7 45 20.981 9.49
7 46 55.952 15.13
7 47 64.609 62.651
7 48 82.88 27.043
7 49 79.635 19.608
8 9 10.717 99.048
8 10 88.664 49.749
8 11 57.619 26.624
8 12 64.991 82.583
8 13 96.62 39.58
8 14 84.053 43.25
8 15 73.149 96.314
8 16 26.752 26.377
8 17 31.324 38.77
8 18 99.947 65.721
8 19 25.384 80.529
8 20 18.223 43.907
8 21 67.851 11.144
8 22 53.518 72.33
8 23 90.229 80.718
8 24 87.635 61.875
8 25 83.616 52.226
8 26 37.068 27.508
8 27 66.782 88.54
8 28 2.961 19.162
8 29 58.383 15.231
8 30 16.823 42.202
8 31 96.537 77.918
8 32 3.856 73.201
8 33 43.86 96.83
8 34 40.875 72.415
8 35 19.843 20.646
8 36 38.883 10.653
8 37 61.922 34.732
8 38 20.627 69.406
8 39 63.575 49.217
8 40 85.606 56.268
8 41 29.37 58.778
8 42 72.685 19.265
8 43 16.57 48.014
8 44 87.542 89.904
8 45 92.246 68.921
8 46 77.116 18.54
8 47 80.207 3.288
8 48 59.413 82.736
8 49 14.838 59.523
9 10 60.828 8.208
9 11 83.402 36.653
9 12 90.727 39.49
9 13 19.338 67.183
9 14 78.649 95.866
9 15 13.571 21.9
9 16 46.07 43.593
9 17 54.009 44.889
9 18 26.398 82.11
9 19 14.213 41.999
9 20 54.375 80.902
9 21 2.51 7.837
9 22 87.326 8.025
9 23 46.218 36.951
9 24 25.713 13.718
9 25 33.94 40.537
9 26 85.1 4.466
9 27 80.098 94.849
9 28 98.558 69.248
9 29 3.485 3.789
9 30 59.164 56.198
9 31 51.607 97.666
9 32 22.625 70.897
9 33 91.466 22.007
9 34 65.818 43.421
9 35 40.522 71.998
9 36 29.547 17.11
9 37 3.136 98.731
9 38 72.943 29.567
9 39 72.331 95.033
9 40 81.955 30.401
9 41 20.854 80.452
9 42 51.376 85.798
9 43 84.633 48.213
9 44 9.284 27.208
9 45 7.169 29.424
9 46 33.751 36.284
9 47 52.105 80.684
9 48 27.88 97.054
9 49 21.599 31.721
10 11 34.446 64.868
10 12 23.726 27.893
10 13 97.114 98.183
10 14 96.621 30.787
10 15 68.856 56.811
10 16 96.535 29.274
10 17 36.477 40.844
10 18 5.191 56.425
10 19 26.674 44.511
10 20 18.755 32.28
10 21 40.744 65.344
10 22 0.346 85.342
10 23 83.393 20.967
10 24 78.217 54.158
10 25 21.233 91.581
10 26 44.176 55.2
10 27 56.911 61.152
10 28 61.364 16.569
10 29 35.677 83.72
10 30 28.802 13.126
10 31 8.691 9.37
10 32 13.748 82.268
10 33 95.324 33.771
10 34 96.567 44.34
10 35 25.991 97.56
10 36 59.959 97.137
10 37 24.564 5.378
10 38 12.931 79.868
10 39 0.403 32.488
10 40 90.116 12.973
10 41 15.515 41.044
10 42 88.411 40.065
10 43 21.189 85.021
10 44 20.496 40.95
10 45 1.096 74.503
10 46 83.359 76.147
10 47 71.126 96.803
10 48 42.037 75.428
10 49 50.918 10.16
11 12 97.24 20.36
11 13 43.362 86.997
11 14 56.637 11.426
11 15 16.819 13.625
11 16 76.489 8.909
11 17 38.407 94.907
11 18 98.572 46.427
11 19 84.665 5.718
11 20 63.253 90.845
11 21 63.972 96.2
11 22 33.469 92.137
11 23 96.907 2.558
11 24 84.191 87.562
11 25 26.468 79.234
11 26 99.332 84.366
11 27 89.81 47.385
11 28 76.717 17.575
11 29 88.195 89.522
11 30 99.941 47.882
11 31 59.849 21.047
11 32 15.727 11.442
11 33 70.505 25.234
11 34 57.057 9.28
11 35 34.246 71.014
11 36 15.629 7.677
11 37 82.362 88.773
11 38 87.047 31.455
11 39 0.331 67.888
11 40 2.15 32.91
11 41 59.781 32.8
11 42 53.852 63.885
11 43 4.732 59.588
11 44 75.099 15.021
11 45 68.4 30.477
11 46 83.173 31.117
11 47 58.412 69.597
11 48 5.756 12.019
11 49 66.291 64.997
12 13 20.586 86.355
12 14 41.83 23.784
12 15 29.589 27.593
12 16 32.452 93.501
12 17 20.131 82.38
12 18 76.992 56.271
12 19 66.573 77.889
12 20 29.741 88.254
12 21 56.276 7.648
12 22 54.217 24.352
12 23 82.929 38.297
12 24 14.984 89.59
12 25 14.561 20.337
12 26 69.54 18.038
12 27 4.274 12.577
12 28 24.277 10.881
12 29 42.554 5.624
12 30 67.087 14.571
12 31 69.763 74.381
12 32 12.651 94.133
12 33 21.478 41.105
12 34 27.359 83.877
12 35 33.446 61.596
12 36 53.42 16.01
12 37 22.344 45.071
12 38 8.598 46.148
12 39 6.636 12.36
12 40 47.617 35.803
12 41 84.038 33.314
12 42 45.019 61.094
12 43 44.329 58.728
12 44 81.409 24.308
12 45 97.573 26.232
12 46 14.509 26.844
12 47 58.189 0.235
12 48 89.719 98.577
12 49 52.639 78.416
13 14 45.392 18.704
13 15 54.982 37.0
13 16 49.121 99.232
13 17 6.035 59.93
13 18 9.527 52.427
13 19 84.459 27.154
13 20 39.667 38.181
13 21 23.121 40.044
13 22 88.57 76.986
13 23 58.89 95.09
13 24 3.143 83.208
13 25 75.468 69.867
13 26 27.415 59.408
13 27 13.141 95.337
13 28 14.933 70.275
13 29 68.193 99.732
13 30 90.666 54.534
13 31 46.072 31.622
13 32 76.988 0.695
13 33 96.963 63.278
13 34 2.629 95.572
13 35 8.314 52.887
13 36 13.774 8.065
13 37 75.92 18.346
13 38 97.574 3.045
13 39 45.013 52.07
13 40 20.638 55.1
13 41 19.547 10.418
13 42 40.35 57.967
13 43 81.301 90.563
13 44 73.448 0.545
13 45 0.056 84.242
13 46 50.649 15.578
13 47 98.625 72.239
13 48 91.728 4.115
13 49 77.331 52.19
14 15 11.652 87.788
14 16 75.04 45.797
14 17 56.717 49.246
14 18 10.761 87.412
14 19 24.895 22.118
14 20 58.092 14.654
14 21 80.117 72.543
14 22 86.572 71.432
14 23 3.48 22.334
14 24 41.487 16.555
14 25 27.533 31.215
14 26 16.49 88.095
14 27 20.654 46.295
14 28 97.525 33.404
14 29 71.066 87.496
14 30 97.832 88.667
14 31 10.754 70.779
14 32 69.042 47.046
14 33 6.781 0.243
14 34 13.317 97.165
14 35 57.986 37.589
14 36 11.35 31.35
14 37 13.99 74.644
14 38 99.837 59.739
14 39 92.852 23.309
14 40 57.364 99.61
14 41 37.653 75.095
14 42 18.384 8.599
14 43 82.368 71.776
14 44 92.486 32.411
14 45 88.651 15.741
14 46 28.051 81.296
14 47 39.109 58.294
14 48 84.735 94.099
14 49 87.105 70.487
15 16 31.603 74.586
15 17 48.126 40.984
15 18 92.353 28.409
15 19 61.21 62.366
15 20 35.785 7.331
15 21 73.963 60.085
15 22 42.539 64.93
15 23 82.146 7.981
15 24 86.645 93.295
15 25 64.133 99.767
15 26 97.306 69.976
15 27 25.812 34.621
15 28 5.639 10.407
15 29 93.107 3.32
15 30 24.096 54.054
15 31 12.86 89.945
15 32 75.694 42.575
15 33 92.017 40.548
15 34 80.4 83.149
15 35 59.944 29.776
15 36 28.294 10.149
15 37 44.244 72.449
15 38 97.331 36.415
15 39 66.19 76.763
15 40 76.775 97.792
15 41 83.718 35.329
15 42 30.578 21.735
15 43 34.753 4.96
15 44 43.739 88.444
15 45 8.204 92.468
15 46 44.441 31.724
15 47 15.338 19.263
15 48 49.199 98.434
15 49 46.385 43.931
16 17 3.225 98.593
16 18 57.601 6.099
16 19 54.584 3.35
16 20 68.302 77.507
16 21 90.726 81.902
16 22 98.05 78.841
16 23 94.225 15.072
16 24 87.382 41.632
16 25 35.75 19.439
16 26 79.762 64.975
16 27 43.628 48.747
16 28 83.169 91.295
16 29 52.735 49.546
16 30 91.686 13.428
16 31 19.884 68.991
16 32 82.946 47.958
16 33 67.495 86.388
16 34 58.746 36.43
16 35 49.376 62.868
16 36 37.518 11.889
16 37 37.565 5.77
16 38 25.223 64.121
16 39 69.553 63.253
16 40 61.925 12.587
16 41 52.995 98.071
16 42 96.385 97.739
16 43 6.439 91.439
16 44 73.755 74.098
16 45 6.817 97.287
16 46 65.438 88.456
16 47 66.165 21.309
16 48 73.41 44.53
16 49 50.473 57.383
17 18 71.926 2.596
17 19 9.103 26.656
17 20 67.918 5.735
17 21 39.081 34.017
17 22 11.641 9.913
17 23 41.057 17.865
17 24 57.433 97.409
17 25 84.656 9.443
17 26 37.679 80.626
17 27 53.597 61.814
17 28 92.108 55.976
17 29 78.632 39.883
17 30 80.745 49.402
17 31 41.597 19.845
17 32 31.48 84.856
17 33 74.497 26.781
17 34 19.375 95.735
17 35 20.706 34.238
17 36 13.59 53.146
17 37 63.213 12.012
17 38 66.556 49.735
17 39 29.739 67.137
17 40 69.544 10.18
17 41 6.96 73.704
17 42 49.04 85.977
17 43 38.273 9.83
17 44 91.43 96.85
17 45 95.712 50.438
17 46 97.417 20.619
17 47 4.817 26.658
17 48 67.936 36.093
17 49 29.924 90.023
18 19 43.883 14.953
18 20 35.237 5.685
18 21 79.31 47.254
18 22 38.83 37.712
18 23 83.913 69.123
18 24 24.206 28.373
18 25 10.293 43.4
18 26 77.268 34.623
18 27 71.177 15.503
18 28 8.351 41.252
18 29 74.248 71.085
18 30 17.327 19.701
18 31 52.415 82.622
18 32 71.094 83.178
18 33 8.795 96.828
18 34 21.668 75.827
18 35 90.832 56.229
18 36 5.782 88.345
18 37 88.769 64.154
18 38 29.821 74.886
18 39 84.044 95.8
18 40 65.798 65.594
18 41 94.045 84.918
18 42 82.037 30.554
18 43 46.725 62.748
18 44 35.23 56.913
18 45 28.842 16.69
18 46 96.897 53.543
18 47 31.021 2.883
18 48 84.914 76.995
18 49 54.645 51.789
19 20 98.621 44.376
19 21 17.263 76.562
19 22 1.599 10.099
19 23 42.434 8.294
19 24 51.244 12.008
19 25 91.131 91.339
19 26 9.947 42.838
19 27 11.336 7.835
19 28 65.799 37.543
19 29 51.17 60.308
19 30 13.871 36.869
19 31 50.285 72.919
19 32 58.407 43.15
19 33 64.697 34.762
19 34 23.233 2.346
19 35 49.779 5.219
19 36 86.086 29.115
19 37 42.387 84.346
19 38 78.924 11.599
19 39 23.714 59.635
19 40 49.135 68.196
19 41 12.724 41.409
19 42 84.126 0.393
19 43 65.302 55.5
19 44 66.328 45.366
19 45 61.608 95.812
19 46 19.474 85.855
19 47 10.879 79.12
19 48 49.887 38.804
19 49 39.611 71.892
20 21 49.328 45.332
20 22 44.169 50.312
20 23 92.842 44.141
20 24 45.714 54.247
20 25 42.244 43.802
20 26 45.536 99.012
20 27 35.046 11.298
20 28 18.825 59.988
20 29 74.872 10.979
20 30 41.474 6.46
20 31 66.638 23.966
20 32 52.706 2.43
20 33 93.119 41.162
20 34 52.755 20.139
20 35 96.03 6.917
20 36 55.051 99.08
20 37 14.415 76.457
20 38 35.806 48.846
20 39 60.071 84.21
20 40 6.43 50.783
20 41 94.75 90.996
20 42 58.935 84.941
20 43 15.59 97.131
20 44 19.26 8.669
20 45 71.695 59.684
20 46 56.548 72.522
20 47 32.82 79.89
20 48 48.569 87.598
20 49 49.97 8.837
21 22 28.415 21.072
21 23 56.03 39.444
21 24 8.664 86.294
21 25 85.563 81.229
21 26 65.986 93.645
21 27 9.893 0.367
21 28 64.33 41.832
21 29 87.58 55.04
21 30 52.181 51.925
21 31 66.749 61.052
21 32 73.154 47.476
21 33 14.549 85.946
21 34 86.233 87.028
21 35 51.725 82.805
21 36 85.285 66.879
21 37 28.67 68.162
21 38 48.587 15.974
21 39 75.478 91.902
21 40 47.874 7.706
21 41 2.473 6.835
21 42 96.598 16.611
21 43 59.022 85.797
21 44 40.866 47.068
21 45 2.483 34.267
21 46 65.979 8.659
21 47 24.504 94.838
21 48 69.18 87.626
21 49 69.187 30.414
22 23 26.516 93.63
22 24 88.82 91.265
22 25 72.647 40.64
22 26 71.078 60.14
22 27 32.831 32.116
22 28 62.414 60.845
22 29 76.343 9.379
22 30 65.573 41.436
22 31 87.798 41.086
22 32 98.73 90.672
22 33 35.601 8.758
22 34 77.07 90.789
22 35 42.892 36.581
22 36 96.405 52.807
22 37 9.376 51.086
22 38 13.826 54.022
22 39 89.633 39.879
22 40 32.67 74.006
22 41 96.752 23.643
22 42 76.82 77.159
22 43 33.268 44.162
22 44 27.967 6.866
22 45 83.377 87.871
22 46 76.237 60.196
22 47 85.422 84.382
22 48 59.021 26.09
22 49 55.202 0.407
23 24 2.619 91.682
23 25 83.18 1.204
23 26 80.222 72.607
23 27 72.207 94.948
23 28 4.061 11.913
23 29 80.446 94.303
23 30 64.426 1.359
23 31 94.734 30.936
23 32 84.243 21.813
23 33 18.941 35.371
23 34 16.739 97.974
23 35 18.804 61.637
23 36 56.324 9.08
23 37 52.695 24.874
23 38 10.23 83.331
23 39 7.282 74.887
23 40 1.873 37.89
23 41 6.542 29.61
23 42 56.556 38.962
23 43 29.656 8.685
23 44 12.453 89.662
23 45 77.343 8.224
23 46 64.756 0.484
23 47 22.994 17.848
23 48 14.608 15.265
23 49 10.887 8.102
24 25 3.652 97.375
24 26 59.594 79.147
24 27 32.467 98.125
24 28 47.146 86.452
24 29 41.608 74.297
24 30 73.044 38.281
24 31 73.951 35.298
24 32 98.559 44.27
24 33 80.78 43.561
24 34 46.188 48.132
24 35 67.886 38.159
24 36 49.581 15.604
24 37 24.186 58.391
24 38 26.3 37.24
24 39 38.609 52.794
24 40 65.953 54.427
24 41 93.501 61.894
24 42 74.007 77.154
24 43 94.876 35.786
24 44 23.126 94.807
24 45 33.102 32.719
24 46 52.975 52.946
24 47 63.635 85.755
24 48 82.938 54.753
24 49 4.259 72.827
25 26 39.308 64.448
25 27 45.776 44.589
25 28 79.579 18.335
25 29 1.405 63.662
25 30 59.244 68.231
25 31 7.81 52.862
25 32 41.626 18.668
25 33 12.663 44.96
25 34 56.487 71.87
25 35 28.573 45.509
25 36 27.849 66.205
25 37 62.794 97.007
25 38 78.869 32.588
25 39 71.035 16.427
25 40 96.508 36.732
25 41 60.484 62.939
25 42 62.73 89.14
25 43 60.233 61.355
25 44 75.653 57.777
25 45 19.174 92.938
25 46 99.238 68.249
25 47 79.498 15.272
25 48 7.679 61.809
25 49 34.971 70.927
26 27 38.019 16.816
26 28 94.145 18.596
26 29 78.394 32.722
26 30 27.703 78.315
26 31 39.481 47.662
26 32 25.094 39.013
26 33 17.221 74.511
26 34 5.091 91.158
26 35 14.09 52.544
26 36 65.926 33.849
26 37 60.583 18.272
26 38 25.158 40.586
26 39 11.503 33.362
26 40 50.127 50.482
26 41 48.816 17.168
26 42 77.5 35.109
26 43 51.756 20.16
26 44 42.618 16.933
26 45 98.689 34.526
26 46 61.294 85.286
26 47 1.446 85.602
26 48 69.808 40.878
26 49 25.096 47.965
27 28 94.426 99.15
27 29 63.397 18.569
27 30 80.227 86.946
27 31 24.514 4.635
27 32 61.308 86.786
27 33 77.635 99.694
27 34 8.652 33.769
27 35 71.021 64.821
27 36 56.9 33.103
27 37 17.812 81.941
27 38 8.227 68.888
27 39 84.693 51.867
27 40 40.324 83.824
27 41 42.139 70.239
27 42 58.248 54.149
27 43 59.642 83.492
27 44 56.918 99.982
27 45 52.073 15.13
27 46 22.028 53.807
27 47 40.966 27.953
27 48 55.221 9.611
27 49 62.143 54.174
28 29 80.026 18.271
28 30 18.147 75.562
28 31 50.178 81.156
28 32 68.015 78.575
28 33 77.436 17.275
28 34 2.842 24.822
28 35 85.673 9.967
28 36 79.675 14.958
28 37 22.145 68.13
28 38 9.013 83.56
28 39 23.43 1.389
28 40 6.808 16.079
28 41 30.595 54.243
28 42 0.786 78.568
28 43 0.158 63.484
28 44 72.214 54.473
28 45 67.873 15.746
28 46 81.546 0.321
28 47 58.291 65.752
28 48 95.402 68.167
28 49 99.359 54.564
29 30 88.816 14.645
29 31 84.556 16.613
29 32 26.967 90.425
29 33 51.816 87.406
29 34 34.311 60.774
29 35 55.915 1.752
29 36 19.442 98.291
29 37 93.197 78.476
29 38 51.813 71.349
29 39 23.905 16.778
29 40 36.649 53.611
29 41 7.023 2.986
29 42 54.084 81.18
29 43 75.783 28.109
29 44 22.567 3.846
29 45 12.681 25.778
29 46 41.433 85.193
29 47 59.388 95.739
29 48 21.665 97.786
29 49 71.302 99.653
30 31 90.886 66.853
30 32 68.285 18.961
30 33 55.203 68.827
30 34 96.777 4.446
30 35 80.525 62.151
30 36 32.7 20.732
30 37 39.628 89.641
30 38 20.849 90.396
30 39 49.74 77.992
30 40 42.227 63.956
30 41 91.156 88.708
30 42 28.288 17.206
30 43 39.407 83.933
30 44 34.559 75.863
30 45 31.63 0.463
30 46 68.284 6.802
30 47 59.981 7.046
30 48 49.784 90.207
30 49 54.933 65.318
31 32 71.225 72.323
31 33 31.371 91.61
31 34 95.218 17.251
31 35 9.416 25.231
31 36 7.529 23.033
31 37 8.868 54.204
31 38 51.809 47.689
31 39 16.413 87.761
31 40 9.195 42.705
31 41 96.929 62.961
31 42 47.406 30.688
31 43 87.821 10.574
31 44 7.721 2.515
31 45 78.406 81.148
31 46 79.173 33.258
31 47 48.806 38.697
31 48 96.356 75.732
31 49 58.813 67.327
32 33 4.557 89.869
32 34 21.027 53.453
32 35 27.513 6.165
32 36 13.297 56.963
32 37 81.933 46.513
32 38 28.523 69.295
32 39 36.131 50.424
32 40 96.947 97.044
32 41 15.737 47.918
32 42 87.987 10.298
32 43 21.65 9.482
32 44 71.065 18.457
32 45 81.27 26.672
32 46 24.969 33.35
32 47 43.31 39.628
32 48 68.414 13.572
32 49 86.707 55.744
33 34 1.425 16.698
33 35 4.906 39.219
33 36 51.816 91.22
33 37 35.64 42.997
33 38 31.901 27.313
33 39 5.866 30.727
33 40 77.595 35.223
33 41 98.222 71.064
33 42 54.648 40.338
33 43 69.419 45.216
33 44 0.01 90.577
33 45 74.913 71.604
33 46 76.923 31.559
33 47 77.821 48.301
33 48 76.502 84.939
33 49 50.58 25.429
34 35 19.165 75.289
34 36 70.01 11.816
34 37 23.425 99.935
34 38 51.064 66.703
34 39 85.62 56.81
34 40 41.381 54.011
34 41 7.262 59.238
34 42 50.528 48.909
34 43 63.458 89.974
34 44 19.979 81.744
34 45 26.051 88.317
34 46 76.653 97.758
34 47 4.06 15.982
34 48 37.351 36.077
34 49 14.367 95.711
35 36 77.074 0.95
35 37 19.121 38.805
35 38 59.22 98.227
35 39 81.086 79.235
35 40 15.851 41.867
35 41 88.075 89.168
35 42 26.913 50.671
35 43 17.268 63.349
35 44 67.729 81.942
35 45 87.105 15.782
35 46 29.899 0.154
35 47 84.143 63.549
35 48 50.947 60.698
35 49 26.962 63.172
36 37 39.584 23.049
36 38 60.751 28.353
36 39 98.541 80.969
36 40 77.039 22.461
36 41 59.793 52.748
36 42 65.82 54.823
36 43 78.638 63.656
36 44 36.817 16.803
36 45 9.032 19.773
36 46 28.848 15.13
36 47 79.984 24.264
36 48 93.117 2.716
36 49 64.815 97.11
37 38 22.281 33.564
37 39 77.335 80.754
37 40 41.809 31.533
37 41 2.601 22.315
37 42 58.797 37.017
37 43 55.636 76.86
37 44 25.961 63.314
37 45 57.566 37.137
37 46 87.113 60.385
37 47 17.298 84.313
37 48 76.562 29.214
37 49 23.74 23.73
38 39 9.142 13.926
38 40 41.935 9.026
38 41 82.19 26.555
38 42 10.896 43.126
38 43 43.295 49.767
38 44 91.442 44.618
38 45 56.459 67.925
38 46 47.419 30.658
38 47 87.06 49.589
38 48 43.69 45.773
38 49 85.461 3.551
39 40 86.364 98.55
39 41 33.443 6.672
39 42 74.393 30.979
39 43 28.817 13.999
39 44 28.739 44.841
39 45 82.465 40.861
39 46 96.24 94.637
39 47 26.892 54.663
39 48 5.872 71.136
39 49 41.808 53.155
40 41 36.888 21.788
40 42 12.866 61.593
40 43 4.779 94.649
40 44 91.221 43.8
40 45 21.475 59.657
40 46 13.445 81.176
40 47 46.837 68.928
40 48 95.557 60.772
40 49 36.375 31.379
41 42 10.826 74.629
41 43 88.849 44.137
41 44 56.766 93.985
41 45 97.269 74.344
41 46 88.227 15.552
41 47 65.294 50.248
41 48 5.161 50.045
41 49 77.756 6.167
42 43 14.836 74.79
42 44 56.352 55.924
42 45 25.142 31.565
42 46 45.445 41.712
42 47 48.274 69.701
42 48 45.205 24.405
42 49 15.905 90.608
43 44 39.939 54.372
43 45 87.062 7.38
43 46 12.425 19.58
43 47 29.526 6.261
43 48 75.089 65.736
43 49 81.751 98.264
44 45 98.406 8.578
44 46 82.291 94.963
44 47 55.236 12.715
44 48 26.674 47.173
44 49 74.926 95.255
45 46 46.292 12.437
45 47 54.86 23.382
45 48 98.689 59.889
45 49 96.825 54.639
46 47 68.598 1.255
46 48 89.805 75.816
46 49 54.897 55.792
47 48 53.156 44.198
47 49 24.228 49.744
48 49 52.871 9.98